{
"spawnflags" "0"
"classname" "worldspawn"
"_def" "external:C:\Program Files (x86)\Steam\steamapps\common\quake\telefragged\source\telefragged.fgd"
"wad" "C:\Program Files (x86)\Steam\steamapps\common\quake\telefragged\source\jf2.wad;C:\Program Files (x86)\Steam\steamapps\common\quake\telefragged\source\telefragged.wad;C:\Program Files (x86)\Steam\steamapps\common\quake\telefragged\maps\id.wad"
"_mod" "telefragged"
"_point_format" "0"
{
( -8 -18 -0 ) ( -8 -24 -0 ) ( 120 -18 -0 ) med3_0 -16 16 0 1 1
( -16 -32 14 ) ( -16 -32 142 ) ( -16 -160 14 ) med3_1 -16 0 0 1 1
( 16 12 8 ) ( 144 12 8 ) ( 16 12 136 ) med3_0 -16 0 0 1 1
( 16 -12 8 ) ( 16 -12 136 ) ( 144 -12 8 ) med3_0 -16 0 0 1 1
( 16 -0 3 ) ( 16 4 3 ) ( 144 -0 3 ) med3_0 -16 16 0 1 1
( -12 16 8 ) ( -12 16 136 ) ( -12 144 8 ) med3_0 -16 0 0 1 1
}
{
( -8 -26 16 ) ( -8 -20 16 ) ( 120 -26 16 ) med3_0 -16 16 0 1 1
( -16 -32 14 ) ( -16 -32 142 ) ( -16 -160 14 ) med3_1 -16 0 0 1 1
( 16 12 8 ) ( 144 12 8 ) ( 16 12 136 ) med3_0 -16 0 0 1 1
( 16 -12 8 ) ( 16 -12 136 ) ( 144 -12 8 ) med3_0 -16 0 0 1 1
( 16 -0 13 ) ( 144 -0 13 ) ( 16 4 13 ) med3_0 -16 16 0 1 1
( -13 16 8 ) ( -13 16 136 ) ( -13 144 8 ) med3_0 -16 0 0 1 1
}
{
( -24 -16 -0 ) ( -24 -16 16 ) ( 40 -16 -0 ) med3_1 -16 0 0 1 1
( -8 -18 -0 ) ( -8 -24 -0 ) ( 120 -18 -0 ) med3_0 -16 16 0 1 1
( 16 -12 8 ) ( 144 -12 8 ) ( 16 -12 136 ) med3_0 -16 0 0 1 1
( 16 -0 3 ) ( 16 4 3 ) ( 144 -0 3 ) med3_0 -16 16 0 1 1
( 12 16 8 ) ( 12 16 136 ) ( 12 144 8 ) med3_0 -16 0 0 1 1
( -12 16 8 ) ( -12 144 8 ) ( -12 16 136 ) med3_0 -16 0 0 1 1
}
{
( -8 -18 -0 ) ( -8 -24 -0 ) ( 120 -18 -0 ) med3_0 -16 16 0 1 1
( -8 16 8 ) ( 120 16 8 ) ( -8 16 136 ) med3_1 -16 0 0 1 1
( 16 12 8 ) ( 16 12 136 ) ( 144 12 8 ) med3_0 -16 0 0 1 1
( 16 -0 3 ) ( 16 4 3 ) ( 144 -0 3 ) med3_0 -16 16 0 1 1
( 12 16 8 ) ( 12 16 136 ) ( 12 144 8 ) med3_0 -16 0 0 1 1
( -12 16 8 ) ( -12 144 8 ) ( -12 16 136 ) med3_0 -16 0 0 1 1
}
{
( 16 15 8 ) ( 144 15 8 ) ( 16 15 136 ) med3_1 -16 0 0 1 1
( 16 -15 8 ) ( 16 -15 136 ) ( 144 -15 8 ) med3_1 -16 0 0 1 1
( 16 -0 15 ) ( 16 4 15 ) ( 144 -0 15 ) med3_0 -16 16 0 1 1
( 16 -0 1 ) ( 144 -0 1 ) ( 16 4 1 ) med100 -16 16 0 1 1
( 15 16 8 ) ( 15 16 136 ) ( 15 144 8 ) med3_1 -16 0 0 1 1
( -15 16 8 ) ( -15 144 8 ) ( -15 16 136 ) med3_1 -16 0 0 1 1
}
{
( -24 -16 -0 ) ( -24 -16 16 ) ( 40 -16 -0 ) med3_1 -16 0 0 1 1
( -8 -26 16 ) ( -8 -20 16 ) ( 120 -26 16 ) med3_0 -16 16 0 1 1
( 16 -13 8 ) ( 144 -13 8 ) ( 16 -13 136 ) med3_0 -16 0 0 1 1
( 16 -0 13 ) ( 144 -0 13 ) ( 16 4 13 ) med3_0 -16 16 0 1 1
( 12 16 8 ) ( 12 16 136 ) ( 12 144 8 ) med3_0 -16 0 0 1 1
( -12 16 8 ) ( -12 144 8 ) ( -12 16 136 ) med3_0 -16 0 0 1 1
}
{
( -8 -26 16 ) ( -8 -20 16 ) ( 120 -26 16 ) med3_0 -16 16 0 1 1
( -8 16 8 ) ( 120 16 8 ) ( -8 16 136 ) med3_1 -16 0 0 1 1
( 16 13 8 ) ( 16 13 136 ) ( 144 13 8 ) med3_0 -16 0 0 1 1
( 16 -0 13 ) ( 144 -0 13 ) ( 16 4 13 ) med3_0 -16 16 0 1 1
( 12 16 8 ) ( 12 16 136 ) ( 12 144 8 ) med3_0 -16 0 0 1 1
( -12 16 8 ) ( -12 144 8 ) ( -12 16 136 ) med3_0 -16 0 0 1 1
}
{
( -8 -18 -0 ) ( -8 -24 -0 ) ( 120 -18 -0 ) med3_0 -16 16 0 1 1
( 16 -32 18 ) ( 16 -160 18 ) ( 16 -32 146 ) med3_1 -16 0 0 1 1
( 16 12 8 ) ( 144 12 8 ) ( 16 12 136 ) med3_0 -16 0 0 1 1
( 16 -12 8 ) ( 16 -12 136 ) ( 144 -12 8 ) med3_0 -16 0 0 1 1
( 16 -0 3 ) ( 16 4 3 ) ( 144 -0 3 ) med3_0 -16 16 0 1 1
( 12 16 8 ) ( 12 144 8 ) ( 12 16 136 ) med3_0 -16 0 0 1 1
}
{
( -8 -26 16 ) ( -8 -20 16 ) ( 120 -26 16 ) med3_0 -16 16 0 1 1
( 16 -32 18 ) ( 16 -160 18 ) ( 16 -32 146 ) med3_1 -16 0 0 1 1
( 16 12 8 ) ( 144 12 8 ) ( 16 12 136 ) med3_0 -16 0 0 1 1
( 16 -12 8 ) ( 16 -12 136 ) ( 144 -12 8 ) med3_0 -16 0 0 1 1
( 16 -0 13 ) ( 144 -0 13 ) ( 16 4 13 ) med3_0 -16 16 0 1 1
( 13 16 8 ) ( 13 144 8 ) ( 13 16 136 ) med3_0 -16 0 0 1 1
}
{
( -24 -16 -0 ) ( -24 -16 16 ) ( 40 -16 -0 ) med3_1 -16 0 0 1 1
( -16 -32 14 ) ( -16 -32 142 ) ( -16 -160 14 ) med3_1 -16 0 0 1 1
( 16 -12 8 ) ( 144 -12 8 ) ( 16 -12 136 ) med3_0 -16 0 0 1 1
( 16 -0 -0 ) ( 144 -0 -0 ) ( 16 4 -0 ) med3_0 -16 16 0 1 1
( -12 16 8 ) ( -12 16 136 ) ( -12 144 8 ) med3_0 -16 0 0 1 1
( -13 16 4 ) ( -15 16 4 ) ( -13 144 4 ) med3_0 -16 16 0 1 1
}
{
( -8 16 8 ) ( 120 16 8 ) ( -8 16 136 ) med3_1 -16 0 0 1 1
( 16 -32 18 ) ( 16 -160 18 ) ( 16 -32 146 ) med3_1 -16 0 0 1 1
( 16 12 8 ) ( 16 12 136 ) ( 144 12 8 ) med3_0 -16 0 0 1 1
( 16 -0 -0 ) ( 144 -0 -0 ) ( 16 4 -0 ) med3_0 -16 16 0 1 1
( 12 16 8 ) ( 12 144 8 ) ( 12 16 136 ) med3_0 -16 0 0 1 1
( -13 16 4 ) ( -15 16 4 ) ( -13 144 4 ) med3_0 -16 16 0 1 1
}
{
( -8 16 8 ) ( 120 16 8 ) ( -8 16 136 ) med3_1 -16 0 0 1 1
( -16 -32 14 ) ( -16 -32 142 ) ( -16 -160 14 ) med3_1 -16 0 0 1 1
( 16 12 8 ) ( 16 12 136 ) ( 144 12 8 ) med3_0 -16 0 0 1 1
( 16 -0 -0 ) ( 144 -0 -0 ) ( 16 4 -0 ) med3_0 -16 16 0 1 1
( -12 16 8 ) ( -12 16 136 ) ( -12 144 8 ) med3_0 -16 0 0 1 1
( -13 16 4 ) ( -15 16 4 ) ( -13 144 4 ) med3_0 -16 16 0 1 1
}
{
( -24 -16 -0 ) ( -24 -16 16 ) ( 40 -16 -0 ) med3_1 -16 0 0 1 1
( -16 -32 14 ) ( -16 -32 142 ) ( -16 -160 14 ) med3_1 -16 0 0 1 1
( 16 -12 8 ) ( 144 -12 8 ) ( 16 -12 136 ) med3_0 -16 0 0 1 1
( 16 -0 17 ) ( 16 4 17 ) ( 144 -0 17 ) med3_0 -16 16 0 1 1
( -12 16 8 ) ( -12 16 136 ) ( -12 144 8 ) med3_0 -16 0 0 1 1
( -15 16 12 ) ( -14 16 12 ) ( -15 144 12 ) med3_0 -16 16 0 1 1
}
{
( -8 16 8 ) ( 120 16 8 ) ( -8 16 136 ) med3_1 -16 0 0 1 1
( 16 -32 18 ) ( 16 -160 18 ) ( 16 -32 146 ) med3_1 -16 0 0 1 1
( 16 12 8 ) ( 16 12 136 ) ( 144 12 8 ) med3_0 -16 0 0 1 1
( 16 -0 17 ) ( 16 4 17 ) ( 144 -0 17 ) med3_0 -16 16 0 1 1
( 12 16 8 ) ( 12 144 8 ) ( 12 16 136 ) med3_0 -16 0 0 1 1
( -15 16 12 ) ( -14 16 12 ) ( -15 144 12 ) med3_0 -16 16 0 1 1
}
{
( -8 16 8 ) ( 120 16 8 ) ( -8 16 136 ) med3_1 -16 0 0 1 1
( -16 -32 14 ) ( -16 -32 142 ) ( -16 -160 14 ) med3_1 -16 0 0 1 1
( 16 12 8 ) ( 16 12 136 ) ( 144 12 8 ) med3_0 -16 0 0 1 1
( 16 -0 17 ) ( 16 4 17 ) ( 144 -0 17 ) med3_0 -16 16 0 1 1
( -12 16 8 ) ( -12 16 136 ) ( -12 144 8 ) med3_0 -16 0 0 1 1
( -15 16 12 ) ( -14 16 12 ) ( -15 144 12 ) med3_0 -16 16 0 1 1
}
{
( -24 -16 -0 ) ( -24 -16 16 ) ( 40 -16 -0 ) med3_1 -16 0 0 1 1
( 16 -32 18 ) ( 16 -160 18 ) ( 16 -32 146 ) med3_1 -16 0 0 1 1
( 16 -12 8 ) ( 144 -12 8 ) ( 16 -12 136 ) med3_0 -16 0 0 1 1
( 16 -0 -0 ) ( 144 -0 -0 ) ( 16 4 -0 ) med3_0 -16 16 0 1 1
( 12 16 8 ) ( 12 144 8 ) ( 12 16 136 ) med3_0 -16 0 0 1 1
( 12 -16 4 ) ( 15 -16 4 ) ( 12 -144 4 ) med3_0 -16 16 0 1 1
}
{
( -24 -16 -0 ) ( -24 -16 16 ) ( 40 -16 -0 ) med3_1 -16 0 0 1 1
( -16 -32 14 ) ( -16 -32 142 ) ( -16 -160 14 ) med3_1 -16 0 0 1 1
( 16 -13 8 ) ( 144 -13 8 ) ( 16 -13 136 ) med3_0 -16 0 0 1 1
( -13 16 8 ) ( -13 16 136 ) ( -13 144 8 ) med3_0 -16 0 0 1 1
( -15 16 12 ) ( -15 144 12 ) ( -14 16 12 ) med3_0 -16 16 0 1 1
( -13 16 4 ) ( -13 144 4 ) ( -15 16 4 ) med3_0 -16 16 0 1 1
}
{
( -8 16 8 ) ( 120 16 8 ) ( -8 16 136 ) med3_1 -16 0 0 1 1
( 16 -32 18 ) ( 16 -160 18 ) ( 16 -32 146 ) med3_1 -16 0 0 1 1
( 16 13 8 ) ( 16 13 136 ) ( 144 13 8 ) med3_0 -16 0 0 1 1
( 13 16 8 ) ( 13 144 8 ) ( 13 16 136 ) med3_0 -16 0 0 1 1
( -15 16 12 ) ( -15 144 12 ) ( -14 16 12 ) med3_0 -16 16 0 1 1
( -13 16 4 ) ( -13 144 4 ) ( -15 16 4 ) med3_0 -16 16 0 1 1
}
{
( -8 16 8 ) ( 120 16 8 ) ( -8 16 136 ) med3_1 -16 0 0 1 1
( -16 -32 14 ) ( -16 -32 142 ) ( -16 -160 14 ) med3_1 -16 0 0 1 1
( 16 13 8 ) ( 16 13 136 ) ( 144 13 8 ) med3_0 -16 0 0 1 1
( -13 16 8 ) ( -13 16 136 ) ( -13 144 8 ) med3_0 -16 0 0 1 1
( -15 16 12 ) ( -15 144 12 ) ( -14 16 12 ) med3_0 -16 16 0 1 1
( -13 16 4 ) ( -13 144 4 ) ( -15 16 4 ) med3_0 -16 16 0 1 1
}
{
( -24 -16 -0 ) ( -24 -16 16 ) ( 40 -16 -0 ) med3_1 -16 0 0 1 1
( 16 -32 18 ) ( 16 -160 18 ) ( 16 -32 146 ) med3_1 -16 0 0 1 1
( 16 -13 8 ) ( 144 -13 8 ) ( 16 -13 136 ) med3_0 -16 0 0 1 1
( 13 16 8 ) ( 13 144 8 ) ( 13 16 136 ) med3_0 -16 0 0 1 1
( 13 -16 12 ) ( 14 -16 12 ) ( 13 -144 12 ) med3_0 -16 16 0 1 1
( 12 -16 4 ) ( 12 -144 4 ) ( 15 -16 4 ) med3_0 -16 16 0 1 1
}
{
( -24 -16 -0 ) ( -24 -16 16 ) ( 40 -16 -0 ) med3_0 -16 0 0 1 1
( -16 -32 14 ) ( -16 -32 142 ) ( -16 -160 14 ) med3_0 -16 0 0 1 1
( 16 -13 8 ) ( 144 -13 8 ) ( 16 -13 136 ) med3_0 -16 0 0 1 1
( -13 16 8 ) ( -13 16 136 ) ( -13 144 8 ) med3_0 -16 0 0 1 1
( -15 16 12 ) ( -15 144 12 ) ( -14 16 12 ) med3_0 -16 16 0 1 1
( -13 16 4 ) ( -13 144 4 ) ( -15 16 4 ) med3_0 -16 16 0 1 1
}
{
( -8 16 8 ) ( 120 16 8 ) ( -8 16 136 ) med3_0 -16 0 0 1 1
( 16 -32 18 ) ( 16 -160 18 ) ( 16 -32 146 ) med3_0 -16 0 0 1 1
( 16 13 8 ) ( 16 13 136 ) ( 144 13 8 ) med3_0 -16 0 0 1 1
( 13 16 8 ) ( 13 144 8 ) ( 13 16 136 ) med3_0 -16 0 0 1 1
( -15 16 12 ) ( -15 144 12 ) ( -14 16 12 ) med3_0 -16 16 0 1 1
( -13 16 4 ) ( -13 144 4 ) ( -15 16 4 ) med3_0 -16 16 0 1 1
}
{
( -8 16 8 ) ( 120 16 8 ) ( -8 16 136 ) med3_0 -16 0 0 1 1
( -16 -32 14 ) ( -16 -32 142 ) ( -16 -160 14 ) med3_0 -16 0 0 1 1
( 16 13 8 ) ( 16 13 136 ) ( 144 13 8 ) med3_0 -16 0 0 1 1
( -13 16 8 ) ( -13 16 136 ) ( -13 144 8 ) med3_0 -16 0 0 1 1
( -15 16 12 ) ( -15 144 12 ) ( -14 16 12 ) med3_0 -16 16 0 1 1
( -13 16 4 ) ( -13 144 4 ) ( -15 16 4 ) med3_0 -16 16 0 1 1
}
{
( -24 -16 -0 ) ( -24 -16 16 ) ( 40 -16 -0 ) med3_1 -16 0 0 1 1
( 16 -32 18 ) ( 16 -160 18 ) ( 16 -32 146 ) med3_1 -16 0 0 1 1
( 16 -12 8 ) ( 144 -12 8 ) ( 16 -12 136 ) med3_0 -16 0 0 1 1
( 16 -0 17 ) ( 16 4 17 ) ( 144 -0 17 ) med3_0 -16 16 0 1 1
( 12 16 8 ) ( 12 144 8 ) ( 12 16 136 ) med3_0 -16 0 0 1 1
( 13 -16 12 ) ( 13 -144 12 ) ( 14 -16 12 ) med3_0 -16 16 0 1 1
}
}
{
"spawnflags" "0"
"classname" "light"
"origin" "-0 128 16"
"angle" "-0"
"light" "250"
"delay" "4"
}
{
"spawnflags" "0"
"classname" "light"
"origin" "-128 -0 16"
"angle" "-0"
"light" "250"
"delay" "4"
}
{
"spawnflags" "0"
"classname" "light"
"origin" "-0 -0 128"
"angle" "-0"
"light" "300"
"delay" "4"
}
{
"spawnflags" "0"
"classname" "light"
"origin" "-0 -128 16"
"angle" "-0"
"light" "250"
"delay" "4"
}
{
"spawnflags" "0"
"classname" "light"
"origin" "128 -0 16"
"angle" "-0"
"light" "250"
"delay" "4"
}
{
"spawnflags" "0"
"classname" "light"
"origin" "-0 -0 -128"
"angle" "-0"
"light" "200"
"delay" "4"
}
